411
396
294
258
364
82
111
171
4
326
89
17
52
140
408
121
243
32
74
415
156
221
290
255
134
83
382
244
429
124
167
433
479
417
427
485
432
177
202
48
368
265
329
401
230
278
55
415
426
155
48
439
201
2
249
307
460
194
275
49
281
376
301
378
456
388
311
73
23
41
157
303
347
115
69
176
63
212
217
116
343
286
279
465
425
353
425
259
31
289
286
289
342
240
218
418
297
453
105
22
423
46
337
29
130
475
127
286
134
497
42
156
259
84
41
452
417
112
372
333
101
420
110
378
458
282
416
396
99
330
175
22
272
138
40
331
423
301
15
340
323
281
424
480
223
406
337
273
2
232
265
34
420
88
420
225
81
46
63
122
133
312
455
464
362
343
242
99
23
190
462
136
25
496
454
63
449
303
336
135
364
8
186
324
206
210
468
81
455
135
171
303
308
328
215
297
426
274
483
491
