3143
16095
8528
16968
18194
12086
10163
7387
12322
11365
8098
9618
4218
1874
196
7291
14800
18231
8139
1741
9352
1470
4873
6431
14934
14609
12089
11816
3385
9465
10848
15517
6625
12184
11673
15113
7933
13078
1744
2656
570
5383
4109
19597
15524
14486
5842
8099
2761
11201
9926
14469
4331
5041
3007
20000
7166
13909
8056
15079
11676
12369
11279
8626
16808
12733
14451
14316
7217
12199
19282
16133
11577
4223
8396
18405
571
13334
17557
2147
14987
14661
1931
15989
10832
2139
3792
3611
13002
19676
11060
15162
6313
2524
17736
2116
19921
16051
11588
19723
9891
5656
18497
11026
9920
9427
14694
9285
12976
5082
18716
1295
878
18215
7472
8556
8422
11772
13890
13604
18460
16558
4624
84
8430
18476
19532
12859
5131
5807
13676
15184
12880
8998
80
5093
5117
140
18381
4711
4752
6068
10104
16406
8293
5320
4155
13164
13213
18324
18235
18794
6927
8784
971
3938
3376
8663
15351
2550
8266
11152
17066
18416
13992
11523
3146
11002
5398
14748
12548
12353
15863
4882
409
14255
7879
18093
7100
12829
14107
1359
17624
10389
9168
12180
4521
12096
3139
11381
16019
7592
11294
9481
5987
15409
8436
10985
8381
385
8644
372
1633
6873
6858
9034
5181
6764
13124
19484
7463
17884
15152
4592
2978
2254
3411
11553
2899
10565
17171
12039
14046
6308
15371
11433
11059
19348
1026
3441
7241
17799
6083
16347
4927
7616
11336
2795
4740
4525
2221
19344
12152
4400
6785
6680
7201
11315
19912
13758
13829
8251
10807
1639
10568
12297
10951
5680
13528
7046
16602
18474
18839
17051
3405
19845
19609
9165
17592
14155
16725
7990
17206
19794
8549
8919
9110
12048
13289
7382
11736
15769
15743
4579
10703
8269
7836
5653
2292
16435
18080
10873
12651
18119
6984
15862
13759
1299
18637
9017
13629
7855
16559
5039
14372
9837
15221
3991
1807
2989
19986
7194
12426
15536
10853
18996
15713
12053
9889
5449
17828
18650
7689
3379
1456
6557
17050
5234
1865
18835
6459
12440
1397
4229
698
19253
1863
13970
12566
16342
11907
987
5582
277
17302
2756
9510
1550
14000
9586
13036
17708
12170
10000
9356
14213
10867
2421
19450
6707
4388
11176
2665
9836
14350
