6589231
3200062
2871575
4255049
3203912
4771935
2595740
3808171
4706916
5698098
1983371
4518382
9468828
6999016
9935568
4197075
2725572
6063036
6466963
7127972
8705737
1403666
7489400
1716415
3768822
3957950
9522099
9395465
9982895
7641389
5416551
8416832
2956965
6867265
7340956
9972141
2224997
1584085
5797888
7908598
4060931
4717394
6955770
4428537
9585946
6491694
3009442
5276227
9109627
8323353
4814574
6909958
1217368
6503744
3490031
1318144
9822510
2314563
8618752
2933843
8126099
2124147
7888497
5909138
7559532
6220956
7201266
1341605
4977241
4441386
5725758
1500990
4687465
1973472
6881649
4084860
3273381
5081824
5407708
9624841
3206668
5792253
1248439
9404562
6389669
4243437
7569082
4344806
6639433
1820500
8925214
8049594
9532919
3428597
1112157
9329599
8511159
5718614
2953783
2460340
