2
2
4
8
15
17
22
22
23
23
25
29
31
32
34
40
41
41
42
46
46
48
48
49
52
55
63
63
63
69
73
74
81
81
82
83
84
88
89
99
99
101
105
110
111
112
115
116
121
122
124
127
130
133
134
134
135
135
136
138
140
155
156
156
157
167
171
171
175
176
177
186
190
194
201
202
206
210
212
215
217
218
221
223
225
230
232
240
242
243
244
249
255
258
259
259
265
265
272
273
274
275
278
279
281
281
282
286
286
286
289
289
290
294
297
297
301
301
303
303
303
307
308
311
312
323
324
326
328
329
330
331
333
336
337
337
340
342
343
343
347
353
362
364
364
368
372
376
378
378
382
388
396
396
401
406
408
411
415
415
416
417
417
418
420
420
420
423
423
424
425
425
426
426
427
429
432
433
439
449
452
453
454
455
455
456
458
460
462
464
465
468
475
479
480
483
485
491
496
497
