15 27 55 53 12 15
37 69 10 08 23 23
19 40 09 51 66 01
33 47 41 13 66 24
54 51 37 09 21 05
50 56 39 05 51 23
06 07 59 02 25 26
41 04 05 05 20 12
61 43 31 65 08 12
59 61 41 62 47 09
50 65 56 54 09 22
16 38 23 61 33 07
30 36 29 47 34 19
68 23 46 23 47 08
53 49 04 63 30 21
18 51 45 25 03 13
39 61 61 42 38 15
04 62 43 51 36 19
20 09 42 04 45 26
48 14 31 34 45 01
53 61 06 12 62 06
13 54 27 24 58 20
37 21 03 39 30 22
57 34 35 36 62 03
19 14 13 59 02 10
53 09 24 05 42 19
20 28 39 35 25 10
44 59 09 30 08 18
15 52 24 34 05 12
22 20 24 15 33 14
29 29 04 09 43 01
57 19 25 33 49 10
32 32 67 15 25 23
66 28 49 57 56 23
09 42 67 04 08 20
46 08 08 42 29 03
61 33 02 02 50 04
09 27 66 69 54 07
58 22 32 62 27 24
49 69 57 24 40 06
65 19 41 25 50 23
01 14 56 47 52 23
55 21 52 23 43 04
09 37 04 29 15 22
07 51 57 16 12 07
02 42 28 55 39 22
38 36 53 39 53 15
52 17 16 09 13 26
29 02 26 22 11 05
03 68 08 19 47 17
67 04 65 37 19 20
36 49 38 17 60 06
63 12 52 04 23 21
34 02 53 51 64 05
36 41 35 64 47 20
34 51 05 44 59 12
52 43 56 47 39 20
17 46 59 30 23 06
68 05 25 58 33 11
50 60 01 56 59 13
36 01 41 33 65 09
62 62 19 37 56 20
15 27 40 52 07 24
32 64 06 38 03 20
68 16 27 06 13 26
49 60 36 16 48 23
36 06 45 39 05 04
19 05 62 06 09 06
27 10 58 22 39 24
66 41 49 15 56 16
21 68 14 65 01 03
42 68 69 42 68 06
17 06 10 31 29 15
22 22 33 47 31 02
51 48 56 13 55 12
41 13 64 66 23 13
68 23 38 16 45 13
58 12 54 59 57 23
15 67 56 02 26 24
07 18 39 04 11 07
29 45 03 57 04 21
24 49 59 13 12 04
08 04 27 45 32 08
42 33 46 16 03 01
07 16 21 37 66 18
07 47 67 04 27 08
54 43 27 63 03 10
52 22 57 33 50 03
35 41 10 69 29 09
16 32 60 55 07 08
25 51 11 31 01 14
26 17 35 26 28 20
32 67 02 35 49 09
51 11 58 38 05 05
30 04 49 58 50 05
43 16 30 43 30 25
37 07 32 42 02 20
37 45 34 24 58 10
25 35 50 16 39 15
54 13 67 68 32 23
36 56 39 37 24 20
27 13 16 15 27 12
16 18 13 31 64 25
69 38 37 20 16 09
62 22 59 62 43 25
33 13 33 26 03 18
59 44 38 40 25 16
42 07 36 17 39 05
47 34 46 25 34 03
